      31
-0.00000 -0.00000 -0.00000
 0.83916  0.60631 -0.83916
 1.00000  0.62604 -1.00000
 1.00000  0.68323 -1.00000
 1.00000  0.73177 -1.00000
 1.00000  0.77402 -0.98965
 0.96880  0.88788 -0.68997
 0.84259  1.00000 -0.34680
 0.71100  1.00000 -0.07245
 0.56688  1.00000  0.20003
 0.41337  1.00000  0.46171
 0.25367  1.00000  0.70389
 0.09094  1.00000  0.91836
-0.05894  1.00000  1.00000
-0.20106  1.00000  1.00000
-0.34470  0.96846  1.00000
-0.48816  0.84879  1.00000
-0.62948  0.71776  1.00000
-0.76655  0.57766  1.00000
-0.88835  0.41204  0.93291
-0.97741  0.19093  0.68182
-1.00000 -0.04598  0.37313
-1.00000 -0.28459  0.04141
-1.00000 -0.51306 -0.28666
-1.00000 -0.72244 -0.59407
-1.00000 -0.90443 -0.86498
-1.00000 -1.00000 -1.00000
-1.00000 -1.00000 -1.00000
-1.00000 -1.00000 -1.00000
-0.83916 -0.83916 -0.83916
-0.00000 -0.00000 -0.00000
