      38
 0.00000  0.00000  0.00000
-0.83916 -0.83916 -0.83916
-0.90577 -1.00000 -1.00000
-0.84989 -0.99260 -1.00000
-0.76569 -0.90380 -1.00000
-0.65650 -0.78655 -1.00000
-0.52640 -0.64367 -1.00000
-0.37807 -0.48154 -0.99272
-0.20383 -0.32148 -0.93505
-0.02271 -0.15073 -0.86992
 0.15894  0.02619 -0.79797
 0.33470  0.20459 -0.71992
 0.49828  0.37982 -0.63653
 0.64370  0.54735 -0.54862
 0.76555  0.70292 -0.45704
 0.85911  0.84266 -0.36267
 0.92054  0.96320 -0.26641
 0.95093  1.00000 -0.15555
 0.94626  1.00000 -0.04161
 0.90455  1.00000  0.06633
 0.82700  1.00000  0.16741
 0.71563  1.00000  0.26084
 0.57326  1.00000  0.34594
 0.40342  1.00000  0.42212
 0.21024  1.00000  0.48889
-0.00158  1.00000  0.54587
-0.22203  0.92242  0.60990
-0.44740  0.81067  0.67147
-0.67212  0.68815  0.72573
-0.88923  0.55860  0.77228
-1.00000  0.42159  0.82189
-1.00000  0.27999  0.87436
-1.00000  0.14092  0.91595
-1.00000  0.00636  0.94642
-1.00000 -0.12172  0.96558
-1.00000 -0.24137  0.97337
-0.83916 -0.29756  0.83916
 0.00000  0.00000  0.00000
