      34
-0.00000 -0.00000 -0.00000
-1.00000 -1.00000 -0.49523
-1.00000 -1.00000 -0.59582
-1.00000 -1.00000 -0.68903
-1.00000 -1.00000 -0.77382
-1.00000 -1.00000 -0.84919
-0.91154 -1.00000 -0.93531
-0.62298 -1.00000 -1.00000
-0.34410 -0.91658 -1.00000
-0.05684 -0.79423 -1.00000
 0.22559 -0.65909 -1.00000
 0.49477 -0.51361 -1.00000
 0.74262 -0.36032 -1.00000
 0.96155 -0.20174 -1.00000
 1.00000 -0.05163 -1.00000
 1.00000  0.09953 -1.00000
 1.00000  0.25326 -1.00000
 1.00000  0.40803 -1.00000
 1.00000  0.56230 -1.00000
 1.00000  0.71116 -0.88796
 1.00000  0.85495 -0.74302
 1.00000  0.99219 -0.58895
 0.82301  1.00000 -0.38203
 0.50013  1.00000 -0.13723
 0.15663  1.00000  0.11081
-0.19091  1.00000  0.35344
-0.52587  1.00000  0.58201
-0.83237  1.00000  0.78830
-1.00000  1.00000  0.94202
-1.00000  1.00000  1.00000
-1.00000  1.00000  1.00000
-1.00000  1.00000  1.00000
-1.00000  1.00000  1.00000
-0.00000 -0.00000 -0.00000
