      39
 0.00000  0.00000  0.00000
-1.00000 -1.00000 -0.99763
-1.00000 -1.00000 -0.95852
-1.00000 -1.00000 -0.88134
-0.92390 -1.00000 -0.78923
-0.80501 -1.00000 -0.67663
-0.66071 -1.00000 -0.54359
-0.49418 -1.00000 -0.39505
-0.30911 -1.00000 -0.23657
-0.10951 -1.00000 -0.07414
 0.08154 -0.94889  0.10566
 0.26060 -0.84996  0.29524
 0.43818 -0.74527  0.47216
 0.60998 -0.63626  0.63006
 0.77183 -0.52436  0.76311
 0.91987 -0.41097  0.86626
 1.00000 -0.28656  0.95247
 1.00000 -0.15285  1.00000
 1.00000 -0.02614  1.00000
 1.00000  0.09798  1.00000
 1.00000  0.21408  0.96328
 1.00000  0.31709  0.85549
 1.00000  0.40949  0.70720
 1.00000  0.49074  0.52254
 1.00000  0.56045  0.30661
 1.00000  0.61840  0.06539
 1.00000  0.66454 -0.19450
 1.00000  0.69894 -0.46589
 0.98443  0.72516 -0.73608
 0.85467  0.76485 -0.96403
 0.67150  0.82461 -1.00000
 0.47525  0.87934 -1.00000
 0.27778  0.92307 -1.00000
 0.08258  0.95561 -1.00000
-0.10686  0.97686 -1.00000
-0.28712  0.98681 -1.00000
-0.45488  0.98554 -1.00000
-0.60701  0.97320 -1.00000
 0.00000  0.00000  0.00000
