      30
-0.00000 -0.00000 -0.00000
 1.00000 -1.00000  1.00000
 1.00000 -1.00000  1.00000
 1.00000 -1.00000  1.00000
 1.00000 -1.00000  1.00000
 1.00000 -0.95006  1.00000
 1.00000 -0.59537  1.00000
 1.00000 -0.22905  1.00000
 1.00000  0.16287  0.94556
 1.00000  0.65034  0.67510
 1.00000  1.00000  0.40899
 1.00000  1.00000  0.18646
 1.00000  1.00000 -0.04600
 1.00000  1.00000 -0.28481
 1.00000  1.00000 -0.52630
 1.00000  1.00000 -0.76675
 0.83815  1.00000 -1.00000
 0.66137  1.00000 -1.00000
 0.47819  1.00000 -1.00000
 0.29112  1.00000 -1.00000
 0.04631  0.73668 -1.00000
-0.26551  0.14475 -1.00000
-0.56625 -0.44515 -1.00000
-0.83946 -0.98952 -1.00000
-0.97402 -1.00000 -1.00000
-1.00000 -1.00000 -1.00000
-1.00000 -1.00000 -1.00000
-1.00000 -1.00000 -1.00000
-1.00000 -1.00000 -1.00000
-0.00000 -0.00000 -0.00000
