      39
 0.00000  0.00000  0.00000
-1.00000  1.00000  1.00000
-1.00000  1.00000  1.00000
-1.00000  0.99418  1.00000
-1.00000  0.90372  0.99971
-1.00000  0.77710  0.87897
-1.00000  0.62486  0.73156
-1.00000  0.45234  0.56100
-1.00000  0.26561  0.37135
-1.00000  0.07136  0.16706
-0.96362 -0.12907 -0.03641
-0.88303 -0.32985 -0.23173
-0.79597 -0.51834 -0.42480
-0.70324 -0.68795 -0.61072
-0.60571 -0.83264 -0.78489
-0.50431 -0.94706 -0.94303
-0.38772 -1.00000 -1.00000
-0.26411 -1.00000 -1.00000
-0.14088 -1.00000 -1.00000
-0.01906 -1.00000 -1.00000
 0.09832 -0.96880 -1.00000
 0.20779 -0.86889 -1.00000
 0.31075 -0.73764 -1.00000
 0.40635 -0.57823 -1.00000
 0.49384 -0.39440 -1.00000
 0.57249 -0.19044 -1.00000
 0.64170  0.02892 -1.00000
 0.70092  0.25866 -1.00000
 0.74966  0.49353 -1.00000
 0.80555  0.73218 -0.89401
 0.85593  0.96505 -0.75689
 0.90798  1.00000 -0.61826
 0.95157  1.00000 -0.47599
 0.98447  1.00000 -0.33098
 1.00000  1.00000 -0.18713
 1.00000  1.00000 -0.04587
 1.00000  1.00000  0.09541
 1.00000  1.00000  0.23466
 0.00000  0.00000  0.00000
