SamplingScheme_Philips
1.0000  0.0000  0.0000  0.0
0.9285  0.0386  -0.3692  1400.0
0.0370  -0.2934  0.9553  2000.0
-0.2223  0.4987  0.8378  100.0
0.9319  -0.1290  0.3389  1400.0
0.4564  -0.2171  -0.8629  2000.0
0.6803  0.4177  -0.6022  100.0
-0.3978  0.9160  -0.0523  2000.0
-0.2166  -0.5936  0.7751  1400.0
0.2583  -0.9121  0.3184  1400.0
-0.6665  0.0323  -0.7448  2000.0
0.1860  0.9556  0.2285  1400.0
-0.2233  -0.9700  -0.0963  2000.0
-0.0129  0.9979  -0.0633  100.0
0.6742  0.6932  -0.2549  1400.0
-0.8899  0.4148  -0.1898  2000.0
-0.2223  0.4987  0.8378  700.0
0.1712  0.3318  0.9277  2000.0
-0.3394  0.3897  -0.8561  100.0
0.6803  0.4177  -0.6022  700.0
0.1325  -0.7906  -0.5978  2000.0
-0.3394  0.3897  -0.8561  700.0
-0.7070  0.5836  0.3994  2000.0
0.7202  0.5201  0.4591  1400.0
-0.8979  0.4389  0.0330  700.0
-0.4667  0.6300  -0.6208  2000.0
-0.0129  0.9979  -0.0633  700.0
0.9481  0.2227  0.2272  2000.0
-0.7499  0.6505  0.1202  1400.0
0.2999  -0.6973  -0.6510  1400.0
-0.5629  -0.6384  -0.5250  2000.0
-0.7524  -0.4863  -0.4443  700.0
-0.1309  -0.8406  0.5256  2000.0
-0.2459  -0.2796  -0.9281  1400.0
-0.8979  0.4389  0.0330  100.0
-0.7224  -0.6697  0.1721  2000.0
-0.7524  -0.4863  -0.4443  100.0
-0.9252  -0.0181  0.3792  2000.0
-0.4593  0.0439  0.8872  1400.0
0.4723  -0.3802  0.7952  1400.0
-0.5517  -0.4023  0.7306  2000.0
